# E(GeV)    P2          V2          E2          Pmumu          Pmue          Pmutau
0.100000   0.664261   0.163901   0.171838   0.909938   0.038434   0.051628
0.105000   -0.065894   0.483976   0.581918   0.589509   0.072429   0.338061
0.110000   0.010066   0.347069   0.642865   0.223476   0.111137   0.665387
0.115000   0.473615   0.042426   0.483960   0.021683   0.130142   0.848175
0.120000   0.422846   0.081812   0.495342   0.042732   0.124081   0.833187
0.125000   0.018187   0.357130   0.624683   0.232726   0.100284   0.666990
0.130000   -0.121944   0.499936   0.622008   0.494347   0.070061   0.435592
0.135000   0.189943   0.386258   0.423799   0.738476   0.042936   0.218588
0.140000   0.658944   0.167220   0.173835   0.907909   0.024449   0.067642
0.145000   0.921749   0.039008   0.039243   0.980100   0.016294   0.003606
0.150000   0.841944   0.078214   0.079842   0.959231   0.017463   0.023306
0.155000   0.522839   0.233010   0.244151   0.865370   0.025531   0.109099
0.160000   0.166615   0.398808   0.434577   0.724935   0.037667   0.237398
0.165000   -0.062522   0.491806   0.570715   0.564006   0.051277   0.384717
0.170000   -0.100179   0.481757   0.618422   0.404493   0.064321   0.531186
0.175000   0.025847   0.387238   0.586915   0.262553   0.075402   0.662046
0.180000   0.237143   0.252864   0.509993   0.148478   0.083723   0.767800
0.185000   0.448254   0.125757   0.425990   0.067424   0.088974   0.843602
0.190000   0.595635   0.040151   0.364214   0.020496   0.091203   0.888301
0.195000   0.648869   0.011690   0.339440   0.005880   0.090697   0.903424
0.200000   0.608426   0.038973   0.352601   0.019882   0.087876   0.892242
0.205000   0.496319   0.108863   0.394818   0.057769   0.083222   0.859009
0.210000   0.345025   0.202644   0.452331   0.114412   0.077220   0.808368
0.215000   0.187999   0.301232   0.510769   0.184748   0.070321   0.744931
0.220000   0.053245   0.388678   0.558077   0.264074   0.062927   0.672999
0.225000   -0.039967   0.453931   0.586036   0.348228   0.055377   0.596395
0.230000   -0.081816   0.491200   0.590616   0.433668   0.047945   0.518388
0.235000   -0.070934   0.499388   0.571546   0.517492   0.040844   0.441664
0.240000   -0.012484   0.481022   0.531462   0.597412   0.034234   0.368354
0.245000   0.084057   0.441035   0.474909   0.671705   0.028221   0.300073
0.250000   0.206980   0.385622   0.407398   0.739142   0.022876   0.237981
0.255000   0.344083   0.321291   0.334627   0.798922   0.018234   0.182844
0.260000   0.483948   0.254162   0.261890   0.850598   0.014301   0.135101
0.265000   0.616782   0.189508   0.193710   0.894013   0.011067   0.094921
0.270000   0.734859   0.131512   0.133629   0.929237   0.008503   0.062260
0.275000   0.832665   0.083183   0.084153   0.956518   0.006572   0.036910
0.280000   0.906811   0.046401   0.046789   0.976235   0.005226   0.018539
0.285000   0.955807   0.022037   0.022156   0.988857   0.004417   0.006725
0.290000   0.979757   0.010114   0.010130   0.994917   0.004092   0.000990
0.295000   0.980014   0.009986   0.010000   0.994982   0.004199   0.000819
0.300000   0.958855   0.020519   0.020626   0.989633   0.004685   0.005682
0.305000   0.919166   0.040251   0.040582   0.979452   0.005502   0.015046
0.310000   0.864180   0.067535   0.068285   0.965008   0.006602   0.028390
0.315000   0.797255   0.100654   0.102090   0.946848   0.007942   0.045211
0.320000   0.721703   0.137915   0.140381   0.925491   0.009481   0.065029
0.325000   0.640656   0.177717   0.181626   0.901424   0.011182   0.087394
0.330000   0.556979   0.218599   0.224422   0.875101   0.013012   0.111887
0.335000   0.473208   0.259269   0.267523   0.846938   0.014941   0.138121
0.340000   0.391525   0.298622   0.309853   0.817316   0.016942   0.165743
0.345000   0.313745   0.335743   0.350512   0.786581   0.018990   0.194430
0.350000   0.241324   0.369905   0.388770   0.755044   0.021065   0.223891
0.355000   0.175381   0.400556   0.424063   0.722984   0.023148   0.253867
0.360000   0.116721   0.427306   0.455974   0.690649   0.025225   0.284126
0.365000   0.065869   0.449909   0.484223   0.658258   0.027280   0.314462
0.370000   0.023105   0.468247   0.508648   0.626003   0.029303   0.344694
0.375000   -0.011501   0.482309   0.529192   0.594051   0.031283   0.374666
0.380000   -0.038056   0.492176   0.545880   0.562546   0.033213   0.404241
0.385000   -0.056813   0.498001   0.558812   0.531612   0.035085   0.433302
0.390000   -0.068139   0.499996   0.568142   0.501355   0.036895   0.461750
0.395000   -0.072488   0.498416   0.574071   0.471861   0.038639   0.489500
0.400000   -0.070379   0.493549   0.576831   0.443204   0.040312   0.516483
0.405000   -0.062376   0.485700   0.576676   0.415443   0.041913   0.542644
0.410000   -0.049067   0.475191   0.573876   0.388624   0.043440   0.567936
0.415000   -0.031050   0.462343   0.568707   0.362782   0.044893   0.592325
0.420000   -0.008923   0.447476   0.561447   0.337945   0.046270   0.615785
0.425000   0.016729   0.430905   0.552367   0.314130   0.047573   0.638297
0.430000   0.045339   0.412927   0.541733   0.291347   0.048801   0.659852
0.435000   0.076369   0.393831   0.529800   0.269599   0.049956   0.680445
0.440000   0.109309   0.373884   0.516807   0.248886   0.051039   0.700075
0.445000   0.143683   0.353336   0.502981   0.229201   0.052051   0.718748
0.450000   0.179051   0.332418   0.488532   0.210533   0.052994   0.736473
0.455000   0.215009   0.311339   0.473652   0.192867   0.053870   0.753263
0.460000   0.251192   0.290290   0.458517   0.176187   0.054681   0.769132
0.465000   0.287270   0.269442   0.443288   0.160472   0.055429   0.784099
0.470000   0.322948   0.248945   0.428107   0.145701   0.056116   0.798183
0.475000   0.357966   0.228932   0.413101   0.131851   0.056744   0.811405
0.480000   0.392098   0.209519   0.398383   0.118896   0.057316   0.823789
0.485000   0.425148   0.190804   0.384048   0.106810   0.057833   0.835357
0.490000   0.456948   0.172870   0.370182   0.095568   0.058298   0.846134
0.495000   0.487359   0.155786   0.356855   0.085142   0.058714   0.856144
0.500000   0.516266   0.139608   0.344127   0.075505   0.059081   0.865414
0.505000   0.543577   0.124379   0.332045   0.066629   0.059403   0.873968
0.510000   0.569220   0.110131   0.320648   0.058486   0.059682   0.881832
0.515000   0.593146   0.096888   0.309967   0.051050   0.059919   0.889031
0.520000   0.615317   0.084662   0.300021   0.044293   0.060116   0.895591
0.525000   0.635715   0.073460   0.290825   0.038188   0.060276   0.901535
0.530000   0.654335   0.063279   0.282387   0.032709   0.060401   0.906890
0.535000   0.671181   0.054112   0.274707   0.027831   0.060492   0.911678
0.540000   0.686271   0.045946   0.267783   0.023527   0.060550   0.915923
0.545000   0.699631   0.038763   0.261606   0.019772   0.060578   0.919649
0.550000   0.711295   0.032541   0.256164   0.016544   0.060578   0.922878
0.555000   0.721303   0.027255   0.251443   0.013818   0.060550   0.925632
0.560000   0.729701   0.022876   0.247423   0.011572   0.060497   0.927931
0.565000   0.736540   0.019375   0.244085   0.009783   0.060419   0.929798
0.570000   0.741876   0.016718   0.241406   0.008430   0.060319   0.931251
0.575000   0.745765   0.014873   0.239362   0.007493   0.060197   0.932310
0.580000   0.748269   0.013804   0.237928   0.006950   0.060055   0.932995
0.585000   0.749448   0.013475   0.237077   0.006783   0.059894   0.933322
0.590000   0.749366   0.013851   0.236783   0.006974   0.059715   0.933310
0.595000   0.748086   0.014895   0.237018   0.007504   0.059520   0.932976
0.600000   0.745673   0.016572   0.237756   0.008356   0.059309   0.932335
0.605000   0.742189   0.018844   0.238967   0.009513   0.059084   0.931404
0.610000   0.737697   0.021678   0.240625   0.010959   0.058844   0.930197
0.615000   0.732261   0.025037   0.242703   0.012679   0.058592   0.928728
0.620000   0.725940   0.028887   0.245173   0.014659   0.058329   0.927013
0.625000   0.718794   0.033196   0.248010   0.016883   0.058054   0.925063
0.630000   0.710883   0.037929   0.251187   0.019339   0.057769   0.922892
0.635000   0.702263   0.043056   0.254681   0.022013   0.057475   0.920513
0.640000   0.692989   0.048546   0.258465   0.024893   0.057171   0.917936
0.645000   0.683113   0.054370   0.262517   0.027967   0.056860   0.915173
0.650000   0.672688   0.060498   0.266814   0.031224   0.056541   0.912235
0.655000   0.661764   0.066903   0.271334   0.034652   0.056216   0.909132
0.660000   0.650386   0.073558   0.276055   0.038242   0.055884   0.905874
0.665000   0.638602   0.080440   0.280958   0.041982   0.055547   0.902471
0.670000   0.626455   0.087523   0.286022   0.045865   0.055204   0.898931
0.675000   0.613985   0.094784   0.291231   0.049880   0.054857   0.895263
0.680000   0.601234   0.102202   0.296564   0.054019   0.054506   0.891475
0.685000   0.588238   0.109755   0.302007   0.058274   0.054151   0.887576
0.690000   0.575033   0.117425   0.307542   0.062636   0.053792   0.883572
0.695000   0.561654   0.125192   0.313155   0.067098   0.053431   0.879471
0.700000   0.548132   0.133038   0.318831   0.071653   0.053067   0.875280
0.705000   0.534497   0.140947   0.324556   0.076294   0.052700   0.871005
0.710000   0.520779   0.148903   0.330318   0.081015   0.052332   0.866653
0.715000   0.507004   0.156891   0.336105   0.085809   0.051962   0.862229
0.720000   0.493197   0.164898   0.341906   0.090670   0.051591   0.857739
0.725000   0.479382   0.172909   0.347709   0.095593   0.051219   0.853188
0.730000   0.465582   0.180914   0.353504   0.100572   0.050847   0.848582
0.735000   0.451817   0.188900   0.359283   0.105602   0.050473   0.843925
0.740000   0.438106   0.196857   0.365037   0.110678   0.050100   0.839222
0.745000   0.424468   0.204775   0.370757   0.115796   0.049726   0.834477
0.750000   0.410920   0.212644   0.376436   0.120951   0.049353   0.829696
0.755000   0.397476   0.220457   0.382067   0.126140   0.048980   0.824880
0.760000   0.384151   0.228205   0.387644   0.131357   0.048607   0.820036
0.765000   0.370959   0.235880   0.393160   0.136600   0.048236   0.815165
0.770000   0.357912   0.243477   0.398610   0.141864   0.047865   0.810271
0.775000   0.345021   0.250989   0.403990   0.147147   0.047495   0.805359
0.780000   0.332296   0.258410   0.409294   0.152444   0.047126   0.800430
0.785000   0.319746   0.265736   0.414518   0.157754   0.046758   0.795487
0.790000   0.307380   0.272960   0.419659   0.163073   0.046392   0.790535
0.795000   0.295206   0.280081   0.424713   0.168398   0.046028   0.785574
0.800000   0.283231   0.287092   0.429677   0.173727   0.045665   0.780608
0.805000   0.271460   0.293992   0.434549   0.179058   0.045304   0.775639
0.810000   0.259899   0.300777   0.439325   0.184387   0.044944   0.770669
0.815000   0.248553   0.307444   0.444004   0.189713   0.044587   0.765701
0.820000   0.237425   0.313991   0.448584   0.195034   0.044231   0.760735
0.825000   0.226521   0.320416   0.453063   0.200347   0.043878   0.755775
0.830000   0.215843   0.326718   0.457440   0.205651   0.043526   0.750822
0.835000   0.205392   0.332894   0.461713   0.210945   0.043177   0.745878
0.840000   0.195173   0.338944   0.465883   0.216226   0.042830   0.740944
0.845000   0.185185   0.344867   0.469948   0.221493   0.042485   0.736022
0.850000   0.175430   0.350662   0.473908   0.226744   0.042143   0.731113
0.855000   0.165910   0.356328   0.477761   0.231978   0.041803   0.726219
0.860000   0.156624   0.361866   0.481509   0.237194   0.041466   0.721340
0.865000   0.147574   0.367275   0.485152   0.242391   0.041131   0.716479
0.870000   0.138757   0.372555   0.488688   0.247567   0.040798   0.711635
0.875000   0.130175   0.377706   0.492119   0.252721   0.040468   0.706811
0.880000   0.121826   0.382729   0.495444   0.257853   0.040140   0.702007
0.885000   0.113710   0.387625   0.498666   0.262961   0.039815   0.697224
0.890000   0.105824   0.392393   0.501783   0.268044   0.039493   0.692463
0.895000   0.098169   0.397035   0.504796   0.273103   0.039173   0.687724
0.900000   0.090741   0.401552   0.507707   0.278135   0.038856   0.683009
0.905000   0.083540   0.405944   0.510517   0.283140   0.038541   0.678319
0.910000   0.076563   0.410212   0.513225   0.288118   0.038229   0.673653
0.915000   0.069808   0.414358   0.515834   0.293068   0.037920   0.669012
0.920000   0.063273   0.418383   0.518344   0.297989   0.037613   0.664397
0.925000   0.056955   0.422289   0.520757   0.302881   0.037309   0.659809
0.930000   0.050852   0.426075   0.523073   0.307744   0.037008   0.655248
0.935000   0.044962   0.429745   0.525294   0.312577   0.036709   0.650714
0.940000   0.039281   0.433299   0.527421   0.317379   0.036413   0.646208
0.945000   0.033806   0.436739   0.529455   0.322150   0.036120   0.641731
0.950000   0.028536   0.440066   0.531398   0.326890   0.035829   0.637281
0.955000   0.023467   0.443282   0.533251   0.331599   0.035541   0.632861
0.960000   0.018596   0.446389   0.535015   0.336276   0.035255   0.628469
0.965000   0.013919   0.449388   0.536693   0.340921   0.034972   0.624107
0.970000   0.009435   0.452280   0.538284   0.345534   0.034692   0.619774
0.975000   0.005140   0.455069   0.539792   0.350114   0.034414   0.615472
0.980000   0.001030   0.457754   0.541216   0.354663   0.034139   0.611199
0.985000   -0.002898   0.460338   0.542559   0.359178   0.033866   0.606956
0.990000   -0.006646   0.462823   0.543823   0.363661   0.033596   0.602743
0.995000   -0.010218   0.465210   0.545007   0.368111   0.033329   0.598561
1.000000   -0.013617   0.467502   0.546115   0.372528   0.033064   0.594409
1.005000   -0.016846   0.469699   0.547147   0.376912   0.032801   0.590287
1.010000   -0.019908   0.471803   0.548105   0.381263   0.032541   0.586196
1.015000   -0.022807   0.473817   0.548991   0.385581   0.032284   0.582135
1.020000   -0.025546   0.475741   0.549805   0.389866   0.032029   0.578105
1.025000   -0.028128   0.477578   0.550550   0.394118   0.031776   0.574105
1.030000   -0.030556   0.479329   0.551226   0.398337   0.031526   0.570136
1.035000   -0.032833   0.480997   0.551836   0.402524   0.031278   0.566198
1.040000   -0.034962   0.482582   0.552380   0.406677   0.031033   0.562290
1.045000   -0.036946   0.484086   0.552860   0.410798   0.030790   0.558412
1.050000   -0.038789   0.485511   0.553278   0.414885   0.030550   0.554565
1.055000   -0.040494   0.486859   0.553635   0.418941   0.030312   0.550748
1.060000   -0.042062   0.488131   0.553931   0.422963   0.030076   0.546961
1.065000   -0.043498   0.489328   0.554170   0.426954   0.029842   0.543204
1.070000   -0.044805   0.490454   0.554351   0.430912   0.029611   0.539478
1.075000   -0.045984   0.491508   0.554476   0.434837   0.029382   0.535781
1.080000   -0.047040   0.492492   0.554547   0.438731   0.029155   0.532114
1.085000   -0.047974   0.493409   0.554565   0.442593   0.028930   0.528476
1.090000   -0.048790   0.494259   0.554531   0.446423   0.028708   0.524869
1.095000   -0.049490   0.495044   0.554446   0.450222   0.028488   0.521290
1.100000   -0.050078   0.495766   0.554312   0.453989   0.028270   0.517741
1.105000   -0.050555   0.496426   0.554129   0.457725   0.028054   0.514221
1.110000   -0.050925   0.497025   0.553900   0.461430   0.027840   0.510730
1.115000   -0.051189   0.497565   0.553625   0.465104   0.027629   0.507267
1.120000   -0.051352   0.498047   0.553305   0.468747   0.027419   0.503834
1.125000   -0.051414   0.498472   0.552942   0.472360   0.027212   0.500429
1.130000   -0.051379   0.498842   0.552536   0.475942   0.027006   0.497052
1.135000   -0.051248   0.499159   0.552089   0.479494   0.026803   0.493703
1.140000   -0.051025   0.499423   0.551602   0.483017   0.026601   0.490382
1.145000   -0.050712   0.499636   0.551076   0.486509   0.026402   0.487089
1.150000   -0.050311   0.499799   0.550512   0.489972   0.026204   0.483823
1.155000   -0.049824   0.499913   0.549911   0.493406   0.026009   0.480585
1.160000   -0.049253   0.499980   0.549274   0.496811   0.025815   0.477374
1.165000   -0.048602   0.500000   0.548602   0.500186   0.025624   0.474190
1.170000   -0.047871   0.499975   0.547895   0.503533   0.025434   0.471033
1.175000   -0.047062   0.499906   0.547156   0.506852   0.025246   0.467903
1.180000   -0.046179   0.499794   0.546385   0.510142   0.025060   0.464799
1.185000   -0.045223   0.499641   0.545582   0.513404   0.024875   0.461721
1.190000   -0.044196   0.499446   0.544750   0.516638   0.024693   0.458669
1.195000   -0.043100   0.499212   0.543888   0.519845   0.024512   0.455643
1.200000   -0.041937   0.498940   0.542997   0.523024   0.024333   0.452643
1.205000   -0.040708   0.498630   0.542078   0.526176   0.024156   0.449668
1.210000   -0.039416   0.498283   0.541133   0.529301   0.023981   0.446718
1.215000   -0.038062   0.497901   0.540162   0.532400   0.023807   0.443793
1.220000   -0.036649   0.497484   0.539165   0.535472   0.023635   0.440894
1.225000   -0.035177   0.497033   0.538144   0.538517   0.023464   0.438018
1.230000   -0.033649   0.496549   0.537099   0.541537   0.023296   0.435168
1.235000   -0.032066   0.496034   0.536032   0.544531   0.023129   0.432341
1.240000   -0.030430   0.495488   0.534942   0.547499   0.022963   0.429538
1.245000   -0.028742   0.494911   0.533831   0.550441   0.022799   0.426759
1.250000   -0.027004   0.494306   0.532698   0.553359   0.022637   0.424004
1.255000   -0.025218   0.493672   0.531546   0.556251   0.022476   0.421272
1.260000   -0.023384   0.493010   0.530374   0.559119   0.022317   0.418564
1.265000   -0.021505   0.492321   0.529184   0.561962   0.022160   0.415878
1.270000   -0.019582   0.491607   0.527975   0.564781   0.022003   0.413215
1.275000   -0.017616   0.490867   0.526749   0.567576   0.021849   0.410575
1.280000   -0.015609   0.490103   0.525506   0.570347   0.021696   0.407957
1.285000   -0.013561   0.489314   0.524247   0.573094   0.021544   0.405362
1.290000   -0.011475   0.488503   0.522972   0.575818   0.021394   0.402788
1.295000   -0.009351   0.487670   0.521682   0.578519   0.021245   0.400236
1.300000   -0.007191   0.486814   0.520377   0.581197   0.021098   0.397706
1.305000   -0.004996   0.485938   0.519058   0.583851   0.020952   0.395197
1.310000   -0.002767   0.485041   0.517726   0.586484   0.020807   0.392709
1.315000   -0.000505   0.484125   0.516381   0.589093   0.020664   0.390243
1.320000   0.001788   0.483189   0.515023   0.591681   0.020522   0.387797
1.325000   0.004112   0.482235   0.513653   0.594247   0.020382   0.385371
1.330000   0.006465   0.481263   0.512272   0.596791   0.020243   0.382967
1.335000   0.008846   0.480274   0.510880   0.599313   0.020105   0.380582
1.340000   0.011255   0.479268   0.509477   0.601814   0.019968   0.378218
1.345000   0.013690   0.478246   0.508064   0.604294   0.019833   0.375873
1.350000   0.016151   0.477208   0.506642   0.606753   0.019699   0.373548
1.355000   0.018636   0.476155   0.505210   0.609191   0.019566   0.371243
1.360000   0.021144   0.475087   0.503769   0.611609   0.019435   0.368957
1.365000   0.023674   0.474005   0.502320   0.614006   0.019304   0.366690
1.370000   0.026227   0.472910   0.500863   0.616383   0.019175   0.364442
1.375000   0.028800   0.471802   0.499399   0.618740   0.019047   0.362213
1.380000   0.031393   0.470681   0.497927   0.621077   0.018921   0.360002
1.385000   0.034004   0.469548   0.496448   0.623395   0.018795   0.357810
1.390000   0.036635   0.468403   0.494963   0.625693   0.018671   0.355636
1.395000   0.039282   0.467246   0.493471   0.627972   0.018548   0.353480
1.400000   0.041946   0.466079   0.491974   0.630232   0.018426   0.351343
1.405000   0.044627   0.464902   0.490471   0.632473   0.018305   0.349222
1.410000   0.047322   0.463714   0.488964   0.634695   0.018185   0.347120
1.415000   0.050032   0.462517   0.487451   0.636899   0.018066   0.345035
1.420000   0.052755   0.461311   0.485934   0.639085   0.017948   0.342967
1.425000   0.055492   0.460096   0.484412   0.641252   0.017832   0.340916
1.430000   0.058241   0.458872   0.482887   0.643402   0.017716   0.338882
1.435000   0.061002   0.457640   0.481358   0.645534   0.017602   0.336865
1.440000   0.063774   0.456400   0.479825   0.647648   0.017489   0.334864
1.445000   0.066557   0.455153   0.478290   0.649744   0.017376   0.332880
1.450000   0.069349   0.453899   0.476752   0.651824   0.017265   0.330912
1.455000   0.072151   0.452638   0.475211   0.653886   0.017154   0.328960
1.460000   0.074962   0.451371   0.473667   0.655931   0.017045   0.327024
1.465000   0.077780   0.450098   0.472122   0.657960   0.016937   0.325104
1.470000   0.080607   0.448818   0.470575   0.659971   0.016829   0.323199
1.475000   0.083440   0.447533   0.469026   0.661967   0.016723   0.321311
1.480000   0.086281   0.446243   0.467476   0.663946   0.016617   0.319437
1.485000   0.089127   0.444948   0.465925   0.665909   0.016513   0.317579
1.490000   0.091979   0.443649   0.464372   0.667856   0.016409   0.315735
1.495000   0.094836   0.442345   0.462819   0.669787   0.016306   0.313907
1.500000   0.097698   0.441036   0.461265   0.671703   0.016204   0.312093
1.505000   0.100564   0.439724   0.459711   0.673603   0.016103   0.310294
1.510000   0.103434   0.438409   0.458157   0.675487   0.016003   0.308510
1.515000   0.106308   0.437089   0.456603   0.677357   0.015904   0.306739
1.520000   0.109184   0.435767   0.455049   0.679211   0.015806   0.304983
1.525000   0.112063   0.434442   0.453495   0.681050   0.015708   0.303241
1.530000   0.114944   0.433114   0.451942   0.682875   0.015612   0.301513
1.535000   0.117827   0.431783   0.450390   0.684685   0.015516   0.299799
1.540000   0.120711   0.430450   0.448838   0.686480   0.015421   0.298099
1.545000   0.123597   0.429115   0.447288   0.688261   0.015327   0.296412
1.550000   0.126483   0.427779   0.445739   0.690028   0.015234   0.294738
1.555000   0.129369   0.426440   0.444191   0.691781   0.015141   0.293078
1.560000   0.132256   0.425100   0.442644   0.693520   0.015050   0.291430
1.565000   0.135142   0.423759   0.441099   0.695245   0.014959   0.289796
1.570000   0.138028   0.422417   0.439556   0.696956   0.014869   0.288175
1.575000   0.140912   0.421073   0.438014   0.698654   0.014779   0.286567
1.580000   0.143796   0.419729   0.436475   0.700338   0.014691   0.284971
1.585000   0.146678   0.418384   0.434938   0.702009   0.014603   0.283387
1.590000   0.149558   0.417039   0.433403   0.703667   0.014516   0.281817
1.595000   0.152436   0.415694   0.431870   0.705312   0.014430   0.280258
1.600000   0.155312   0.414348   0.430340   0.706944   0.014344   0.278712
1.605000   0.158186   0.413003   0.428812   0.708564   0.014259   0.277177
1.610000   0.161056   0.411657   0.427287   0.710170   0.014175   0.275655
1.615000   0.163924   0.410312   0.425765   0.711764   0.014092   0.274144
1.620000   0.166788   0.408967   0.424245   0.713346   0.014009   0.272645
1.625000   0.169648   0.407623   0.422729   0.714915   0.013927   0.271158
1.630000   0.172505   0.406280   0.421215   0.716472   0.013846   0.269682
1.635000   0.175358   0.404937   0.419705   0.718017   0.013765   0.268218
1.640000   0.178207   0.403595   0.418198   0.719550   0.013685   0.266765
1.645000   0.181051   0.402255   0.416694   0.721072   0.013606   0.265323
1.650000   0.183891   0.400915   0.415194   0.722581   0.013527   0.263892
1.655000   0.186726   0.399577   0.413697   0.724079   0.013449   0.262472
1.660000   0.189556   0.398240   0.412203   0.725566   0.013372   0.261063
1.665000   0.192381   0.396905   0.410714   0.727041   0.013295   0.259664
1.670000   0.195201   0.395571   0.409228   0.728505   0.013219   0.258277
1.675000   0.198015   0.394239   0.407745   0.729957   0.013143   0.256899
1.680000   0.200824   0.392909   0.406267   0.731399   0.013068   0.255533
1.685000   0.203627   0.391581   0.404792   0.732829   0.012994   0.254176
1.690000   0.206424   0.390255   0.403321   0.734249   0.012920   0.252830
1.695000   0.209215   0.388930   0.401855   0.735658   0.012847   0.251494
1.700000   0.212000   0.387608   0.400392   0.737056   0.012775   0.250169
1.705000   0.214778   0.386289   0.398933   0.738444   0.012703   0.248853
1.710000   0.217550   0.384971   0.397479   0.739822   0.012632   0.247547
1.715000   0.220315   0.383656   0.396029   0.741189   0.012561   0.246250
1.720000   0.223073   0.382344   0.394583   0.742545   0.012491   0.244964
1.725000   0.225825   0.381034   0.393141   0.743892   0.012421   0.243687
1.730000   0.228570   0.379726   0.391704   0.745228   0.012352   0.242419
1.735000   0.231307   0.378422   0.390271   0.746555   0.012284   0.241161
1.740000   0.234038   0.377120   0.388843   0.747871   0.012216   0.239913
1.745000   0.236761   0.375821   0.387419   0.749178   0.012149   0.238673
1.750000   0.239477   0.374524   0.385999   0.750475   0.012082   0.237443
1.755000   0.242185   0.373231   0.384584   0.751763   0.012015   0.236222
1.760000   0.244885   0.371941   0.383174   0.753041   0.011950   0.235010
1.765000   0.247578   0.370654   0.381768   0.754309   0.011884   0.233806
1.770000   0.250264   0.369369   0.380367   0.755569   0.011820   0.232612
1.775000   0.252941   0.368089   0.378970   0.756819   0.011755   0.231426
1.780000   0.255610   0.366811   0.377579   0.758059   0.011692   0.230249
1.785000   0.258272   0.365536   0.376192   0.759291   0.011628   0.229081
1.790000   0.260925   0.364265   0.374809   0.760514   0.011566   0.227921
1.795000   0.263571   0.362997   0.373432   0.761727   0.011503   0.226769
1.800000   0.266208   0.361733   0.372059   0.762932   0.011442   0.225626
1.805000   0.268837   0.360472   0.370691   0.764129   0.011380   0.224491
1.810000   0.271457   0.359215   0.369328   0.765316   0.011319   0.223364
1.815000   0.274069   0.357961   0.367970   0.766495   0.011259   0.222246
1.820000   0.276673   0.356710   0.366617   0.767665   0.011199   0.221135
1.825000   0.279268   0.355464   0.365268   0.768827   0.011140   0.220033
1.830000   0.281855   0.354220   0.363924   0.769981   0.011081   0.218938
1.835000   0.284433   0.352981   0.362586   0.771126   0.011022   0.217851
1.840000   0.287003   0.351745   0.361252   0.772263   0.010964   0.216772
1.845000   0.289563   0.350513   0.359923   0.773392   0.010907   0.215701
1.850000   0.292116   0.349285   0.358600   0.774513   0.010849   0.214637
1.855000   0.294659   0.348060   0.357281   0.775626   0.010793   0.213581
1.860000   0.297193   0.346840   0.355967   0.776731   0.010736   0.212533
1.865000   0.299719   0.345623   0.354658   0.777828   0.010680   0.211491
1.870000   0.302236   0.344410   0.353354   0.778918   0.010625   0.210457
1.875000   0.304744   0.343201   0.352055   0.779999   0.010570   0.209431
1.880000   0.307243   0.341995   0.350761   0.781073   0.010515   0.208411
1.885000   0.309733   0.340794   0.349473   0.782140   0.010461   0.207399
1.890000   0.312214   0.339597   0.348189   0.783199   0.010407   0.206394
1.895000   0.314687   0.338403   0.346910   0.784250   0.010354   0.205396
1.900000   0.317150   0.337214   0.345636   0.785294   0.010301   0.204405
1.905000   0.319604   0.336029   0.344367   0.786331   0.010248   0.203421
1.910000   0.322049   0.334847   0.343104   0.787361   0.010196   0.202443
1.915000   0.324485   0.333670   0.341845   0.788383   0.010144   0.201473
1.920000   0.326912   0.332497   0.340591   0.789399   0.010092   0.200509
1.925000   0.329330   0.331328   0.339343   0.790407   0.010041   0.199552
1.930000   0.331739   0.330162   0.338099   0.791408   0.009991   0.198601
1.935000   0.334138   0.329001   0.336860   0.792403   0.009940   0.197657
1.940000   0.336529   0.327844   0.335627   0.793390   0.009890   0.196720
1.945000   0.338910   0.326692   0.334398   0.794371   0.009841   0.195789
1.950000   0.341283   0.325543   0.333175   0.795345   0.009791   0.194864
1.955000   0.343646   0.324398   0.331956   0.796312   0.009742   0.193945
1.960000   0.346000   0.323258   0.330743   0.797273   0.009694   0.193033
1.965000   0.348345   0.322121   0.329534   0.798227   0.009646   0.192127
1.970000   0.350680   0.320989   0.328331   0.799175   0.009598   0.191228
1.975000   0.353007   0.319861   0.327132   0.800116   0.009550   0.190334
1.980000   0.355324   0.318737   0.325939   0.801050   0.009503   0.189446
1.985000   0.357633   0.317617   0.324750   0.801979   0.009456   0.188565
1.990000   0.359932   0.316502   0.323566   0.802901   0.009410   0.187689
1.995000   0.362222   0.315391   0.322388   0.803817   0.009364   0.186819
2.000000   0.364503   0.314283   0.321214   0.804727   0.009318   0.185955
2.005000   0.366774   0.313180   0.320045   0.805630   0.009272   0.185097
2.010000   0.369037   0.312081   0.318882   0.806528   0.009227   0.184245
2.015000   0.371290   0.310987   0.317723   0.807419   0.009182   0.183398
2.020000   0.373535   0.309896   0.316569   0.808305   0.009138   0.182557
2.025000   0.375770   0.308810   0.315420   0.809184   0.009094   0.181722
2.030000   0.377996   0.307728   0.314276   0.810058   0.009050   0.180892
2.035000   0.380214   0.306650   0.313137   0.810926   0.009006   0.180068
2.040000   0.382422   0.305576   0.312002   0.811788   0.008963   0.179249
2.045000   0.384621   0.304506   0.310873   0.812645   0.008920   0.178435
2.050000   0.386811   0.303441   0.309748   0.813496   0.008877   0.177627
2.055000   0.388992   0.302380   0.308628   0.814341   0.008835   0.176824
2.060000   0.391164   0.301323   0.307513   0.815180   0.008793   0.176027
2.065000   0.393327   0.300270   0.306403   0.816015   0.008751   0.175235
2.070000   0.395481   0.299221   0.305298   0.816843   0.008709   0.174447
2.075000   0.397626   0.298176   0.304198   0.817666   0.008668   0.173666
2.080000   0.399763   0.297136   0.303102   0.818484   0.008627   0.172889
2.085000   0.401890   0.296099   0.302011   0.819297   0.008586   0.172117
2.090000   0.404008   0.295067   0.300925   0.820104   0.008546   0.171350
2.095000   0.406118   0.294039   0.299843   0.820906   0.008506   0.170588
2.100000   0.408219   0.293015   0.298766   0.821702   0.008466   0.169831
2.105000   0.410310   0.291995   0.297694   0.822494   0.008427   0.169079
2.110000   0.412393   0.290980   0.296627   0.823280   0.008387   0.168332
2.115000   0.414468   0.289968   0.295564   0.824062   0.008348   0.167590
2.120000   0.416533   0.288960   0.294506   0.824838   0.008310   0.166852
2.125000   0.418590   0.287957   0.293453   0.825609   0.008271   0.166119
2.130000   0.420638   0.286958   0.292404   0.826376   0.008233   0.165391
2.135000   0.422677   0.285962   0.291360   0.827137   0.008195   0.164668
2.140000   0.424708   0.284971   0.290321   0.827894   0.008157   0.163949
2.145000   0.426730   0.283984   0.289286   0.828646   0.008120   0.163235
2.150000   0.428743   0.283001   0.288256   0.829393   0.008083   0.162525
2.155000   0.430748   0.282022   0.287230   0.830135   0.008046   0.161820
2.160000   0.432744   0.281047   0.286209   0.830872   0.008009   0.161119
2.165000   0.434732   0.280076   0.285192   0.831605   0.007972   0.160422
2.170000   0.436711   0.279109   0.284180   0.832333   0.007936   0.159731
2.175000   0.438682   0.278146   0.283172   0.833057   0.007900   0.159043
2.180000   0.440644   0.277187   0.282169   0.833776   0.007864   0.158360
2.185000   0.442598   0.276232   0.281170   0.834490   0.007829   0.157681
2.190000   0.444543   0.275281   0.280176   0.835201   0.007794   0.157006
2.195000   0.446480   0.274334   0.279186   0.835906   0.007759   0.156335
2.200000   0.448408   0.273391   0.278200   0.836607   0.007724   0.155669
2.205000   0.450329   0.272452   0.277219   0.837304   0.007689   0.155007
2.210000   0.452241   0.271517   0.276243   0.837997   0.007655   0.154349
2.215000   0.454144   0.270585   0.275270   0.838685   0.007621   0.153695
2.220000   0.456040   0.269658   0.274302   0.839369   0.007587   0.153045
2.225000   0.457927   0.268734   0.273339   0.840048   0.007553   0.152399
2.230000   0.459806   0.267815   0.272379   0.840724   0.007520   0.151757
2.235000   0.461676   0.266899   0.271424   0.841395   0.007486   0.151119
2.240000   0.463539   0.265987   0.270474   0.842062   0.007453   0.150485
2.245000   0.465394   0.265079   0.269527   0.842725   0.007421   0.149854
2.250000   0.467240   0.264175   0.268585   0.843384   0.007388   0.149228
2.255000   0.469079   0.263275   0.267647   0.844039   0.007356   0.148606
2.260000   0.470909   0.262378   0.266713   0.844690   0.007323   0.147987
2.265000   0.472731   0.261485   0.265783   0.845337   0.007291   0.147372
2.270000   0.474546   0.260596   0.264858   0.845980   0.007260   0.146761
2.275000   0.476353   0.259711   0.263937   0.846619   0.007228   0.146153
2.280000   0.478151   0.258829   0.263019   0.847254   0.007197   0.145549
2.285000   0.479942   0.257952   0.262106   0.847885   0.007165   0.144949
2.290000   0.481725   0.257078   0.261197   0.848513   0.007135   0.144353
2.295000   0.483500   0.256207   0.260292   0.849136   0.007104   0.143760
2.300000   0.485268   0.255341   0.259392   0.849756   0.007073   0.143170
2.305000   0.487027   0.254478   0.258495   0.850373   0.007043   0.142585
2.310000   0.488779   0.253619   0.257602   0.850985   0.007013   0.142002
2.315000   0.490523   0.252763   0.256713   0.851594   0.006983   0.141423
2.320000   0.492260   0.251911   0.255829   0.852199   0.006953   0.140848
2.325000   0.493989   0.251063   0.254948   0.852801   0.006923   0.140276
2.330000   0.495710   0.250219   0.254071   0.853399   0.006894   0.139708
2.335000   0.497424   0.249378   0.253198   0.853993   0.006864   0.139142
2.340000   0.499131   0.248540   0.252329   0.854584   0.006835   0.138581
2.345000   0.500830   0.247706   0.251464   0.855172   0.006806   0.138022
2.350000   0.502521   0.246876   0.250603   0.855755   0.006778   0.137467
2.355000   0.504205   0.246049   0.249746   0.856336   0.006749   0.136915
2.360000   0.505881   0.245226   0.248892   0.856913   0.006721   0.136366
2.365000   0.507551   0.244407   0.248043   0.857487   0.006693   0.135821
2.370000   0.509213   0.243591   0.247197   0.858057   0.006665   0.135279
2.375000   0.510867   0.242778   0.246355   0.858624   0.006637   0.134740
2.380000   0.512514   0.241969   0.245517   0.859187   0.006609   0.134204
2.385000   0.514154   0.241163   0.244682   0.859748   0.006582   0.133671
2.390000   0.515787   0.240361   0.243852   0.860305   0.006554   0.133141
2.395000   0.517413   0.239562   0.243025   0.860858   0.006527   0.132615
2.400000   0.519032   0.238767   0.242201   0.861409   0.006500   0.132091
2.405000   0.520643   0.237975   0.241382   0.861956   0.006473   0.131570
2.410000   0.522247   0.237187   0.240566   0.862501   0.006446   0.131053
2.415000   0.523845   0.236402   0.239754   0.863042   0.006420   0.130538
2.420000   0.525435   0.235620   0.238945   0.863579   0.006394   0.130027
2.425000   0.527018   0.234842   0.238140   0.864114   0.006367   0.129518
2.430000   0.528594   0.234067   0.237339   0.864646   0.006341   0.129013
2.435000   0.530164   0.233295   0.236541   0.865175   0.006315   0.128510
2.440000   0.531726   0.232527   0.235747   0.865700   0.006290   0.128010
2.445000   0.533282   0.231761   0.234957   0.866223   0.006264   0.127513
2.450000   0.534831   0.231000   0.234170   0.866743   0.006239   0.127019
2.455000   0.536373   0.230241   0.233386   0.867259   0.006214   0.126527
2.460000   0.537908   0.229486   0.232606   0.867773   0.006188   0.126039
2.465000   0.539436   0.228734   0.231829   0.868284   0.006163   0.125553
2.470000   0.540958   0.227985   0.231056   0.868792   0.006139   0.125070
2.475000   0.542473   0.227240   0.230287   0.869297   0.006114   0.124589
2.480000   0.543982   0.226498   0.229521   0.869799   0.006089   0.124112
2.485000   0.545484   0.225758   0.228758   0.870298   0.006065   0.123637
2.490000   0.546979   0.225023   0.227999   0.870795   0.006041   0.123164
2.495000   0.548468   0.224290   0.227243   0.871288   0.006017   0.122695
2.500000   0.549950   0.223560   0.226490   0.871779   0.005993   0.122228
